object={
	name="tree_leaf_01_single_generator_1_0"
	clamp_to_water_level=no
	render_under_water=no
	generated_content=yes
	layer="tree_high_layer"
	pdxmesh="tree_leaf_01_single_a_mesh"
	count=118
	transform="620.470581 0.000000 1726.359131 0.000000 0.501517 0.000000 -0.865148 0.732886 0.732886 0.732886
630.625610 0.000000 1738.841919 0.000000 0.335583 0.000000 -0.942011 0.961938 0.961938 0.961938
627.149109 0.000000 1731.027344 0.000000 0.106026 0.000000 -0.994363 0.758868 0.758868 0.758868
614.803650 0.000000 1736.438354 0.000000 0.724941 0.000000 0.688811 0.567210 0.567210 0.567210
620.245544 0.000000 1727.731079 0.000000 0.925713 0.000000 0.378227 0.687799 0.687799 0.687799
631.160156 0.000000 1751.359375 0.000000 0.503821 0.000000 0.863808 0.645330 0.645330 0.645330
626.077942 0.000000 1735.507690 0.000000 0.933025 0.000000 0.359812 0.673628 0.673628 0.673628
630.262817 0.000000 1736.600220 0.000000 0.822588 0.000000 -0.568637 0.762364 0.762364 0.762364
616.503662 0.000000 1737.550171 0.000000 0.821644 0.000000 -0.570001 0.822951 0.822951 0.822951
632.431213 0.000000 1749.766968 0.000000 0.025343 0.000000 -0.999679 0.862048 0.862048 0.862048
630.044434 0.000000 1749.625000 0.000000 0.633116 0.000000 0.774057 0.600992 0.600992 0.600992
631.889099 0.000000 1737.567383 0.000000 0.876975 0.000000 0.480536 0.648316 0.648316 0.648316
617.767273 0.000000 1736.576782 0.000000 0.778963 0.000000 0.627070 0.562599 0.562599 0.562599
631.607849 0.000000 1739.855347 0.000000 0.882542 0.000000 0.470234 0.595624 0.595624 0.595624
616.053345 0.000000 1736.410034 0.000000 0.821220 0.000000 0.570612 0.576898 0.576898 0.576898
696.615906 0.000000 1767.174316 0.000000 0.823206 0.000000 0.567743 0.693669 0.693669 0.693669
703.151672 0.000000 1759.174194 0.000000 0.563036 0.000000 0.826433 0.519805 0.519805 0.519805
676.670654 0.000000 1749.226440 0.000000 0.129257 0.000000 0.991611 0.271842 0.271842 0.271842
699.517090 0.000000 1764.343750 0.000000 0.087106 0.000000 -0.996199 1.005936 1.005936 1.005936
662.319275 0.000000 1745.999878 0.000000 0.341599 0.000000 0.939846 0.554762 0.554762 0.554762
703.293823 0.000000 1756.418579 0.000000 0.816775 0.000000 -0.576956 0.780607 0.780607 0.780607
677.117371 0.000000 1759.062500 0.000000 0.659405 0.000000 -0.751788 0.804075 0.804075 0.804075
660.143188 0.000000 1744.209717 0.000000 0.860267 0.000000 0.509844 0.607439 0.607439 0.607439
661.735229 0.000000 1744.586792 0.000000 0.999994 0.000000 -0.003389 0.700586 0.700586 0.700586
698.209717 0.000000 1764.115845 0.000000 0.999920 0.000000 -0.012668 0.702612 0.702612 0.702612
676.770203 0.000000 1748.014038 0.000000 0.101531 0.000000 0.994832 0.263549 0.263549 0.263549
687.799316 0.000000 1762.346802 0.000000 0.947603 0.000000 -0.319451 0.776711 0.776711 0.776711
698.698181 0.000000 1765.180786 0.000000 0.441322 0.000000 0.897349 0.470333 0.470333 0.470333
677.614746 0.000000 1748.853149 0.000000 0.985125 0.000000 -0.171841 0.751307 0.751307 0.751307
703.988831 0.000000 1758.653564 0.000000 0.225302 0.000000 0.974289 0.451117 0.451117 0.451117
942.028259 0.000000 1629.895752 0.000000 0.889062 0.000000 -0.457787 0.777282 0.777282 0.777282
941.106323 0.000000 1635.998901 0.000000 0.144825 0.000000 -0.989457 0.729893 0.729893 0.729893
939.692383 0.000000 1639.687988 0.000000 0.073788 0.000000 -0.997274 0.786329 0.786329 0.786329
943.083801 0.000000 1632.726562 0.000000 0.080695 0.000000 0.996739 0.517725 0.517725 0.517725
922.386414 0.000000 1657.712402 0.000000 0.522376 0.000000 0.852715 0.587572 0.587572 0.587572
941.479004 0.000000 1638.298950 0.000000 0.952091 0.000000 -0.305814 0.738020 0.738020 0.738020
943.198669 0.000000 1637.221558 0.000000 0.954720 0.000000 -0.297507 0.727979 0.727979 0.727979
942.598816 0.000000 1634.659790 0.000000 0.338360 0.000000 -0.941017 0.843506 0.843506 0.843506
923.565186 0.000000 1656.404663 0.000000 0.841165 0.000000 0.540779 0.637094 0.637094 0.637094
943.158630 0.000000 1631.163818 0.000000 0.986696 0.000000 0.162576 0.677455 0.677455 0.677455
1005.771973 0.000000 1642.909912 0.000000 0.979766 0.000000 -0.200147 0.702113 0.702113 0.702113
871.745544 0.000000 1703.032837 0.000000 0.592214 0.000000 0.805781 0.659063 0.659063 0.659063
877.319214 0.000000 1689.463989 0.000000 0.998952 0.000000 0.045780 0.698079 0.698079 0.698079
869.185181 0.000000 1692.633667 0.000000 0.977055 0.000000 0.212989 0.687622 0.687622 0.687622
861.994019 0.000000 1703.166260 0.000000 0.897193 0.000000 0.441639 0.682413 0.682413 0.682413
871.328796 0.000000 1700.150635 0.000000 0.821011 0.000000 0.570913 0.676639 0.676639 0.676639
860.192261 0.000000 1700.925049 0.000000 0.755490 0.000000 0.655160 0.652558 0.652558 0.652558
874.805298 0.000000 1688.210693 0.000000 0.678217 0.000000 0.734862 0.656723 0.656723 0.656723
937.049255 0.000000 1693.748413 0.000000 0.833117 0.000000 0.553097 0.662104 0.662104 0.662104
951.034912 0.000000 1709.621582 0.000000 0.987826 0.000000 0.155560 0.689900 0.689900 0.689900
936.411804 0.000000 1695.396851 0.000000 0.998385 0.000000 -0.056816 0.709934 0.709934 0.709934
959.367676 0.000000 1703.148193 0.000000 0.200567 0.000000 0.979680 0.467957 0.467957 0.467957
1013.402222 0.000000 1693.816650 0.000000 0.988223 0.000000 0.153022 0.698658 0.698658 0.698658
970.244507 0.000000 1725.291626 0.000000 0.139469 0.000000 -0.990226 0.717504 0.717504 0.717504
980.380981 0.000000 1695.303711 0.000000 0.630432 0.000000 -0.776245 0.751251 0.751251 0.751251
977.849731 0.000000 1707.723389 0.000000 0.446653 0.000000 0.894707 0.609011 0.609011 0.609011
974.563171 0.000000 1719.087769 0.000000 0.950445 0.000000 -0.310893 0.748617 0.748617 0.748617
964.005859 0.000000 1681.003906 0.000000 0.581139 0.000000 -0.813804 0.887735 0.887735 0.887735
965.446655 0.000000 1680.390015 0.000000 0.985415 0.000000 0.170169 0.666231 0.666231 0.666231
976.639099 0.000000 1699.241089 0.000000 0.084294 0.000000 -0.996441 0.920797 0.920797 0.920797
978.984985 0.000000 1694.831543 0.000000 0.506167 0.000000 0.862436 0.540052 0.540052 0.540052
973.472168 0.000000 1709.462524 0.000000 0.702909 0.000000 -0.711280 0.835523 0.835523 0.835523
969.558044 0.000000 1737.823608 0.000000 0.627221 0.000000 -0.778842 0.715603 0.715603 0.715603
971.152527 0.000000 1731.842163 0.000000 0.372173 0.000000 -0.928163 0.860057 0.860057 0.860057
1061.858887 0.000000 1593.049805 0.000000 0.150013 0.000000 0.988684 0.670217 0.670217 0.670217
1084.426025 0.000000 1660.330078 0.000000 0.926759 0.000000 0.375655 0.691924 0.691924 0.691924
1078.244751 0.000000 1654.384399 0.000000 0.859799 0.000000 0.510633 0.670030 0.670030 0.670030
1086.829346 0.000000 1662.264404 0.000000 0.904898 0.000000 -0.425628 0.744563 0.744563 0.744563
1108.833130 0.000000 1658.655640 0.000000 0.582598 0.000000 -0.812761 0.718241 0.718241 0.718241
1104.933594 0.000000 1617.026978 0.000000 0.671816 0.000000 0.740718 0.697085 0.697085 0.697085
1087.969116 0.000000 1660.681030 0.000000 0.835506 0.000000 -0.549481 0.708133 0.708133 0.708133
1107.742920 0.000000 1621.088257 0.000000 0.728024 0.000000 0.685551 0.684159 0.684159 0.684159
1076.548462 0.000000 1709.913086 0.000000 0.199208 0.000000 0.979957 0.647318 0.647318 0.647318
1026.637329 0.000000 1693.135864 0.000000 0.979432 0.000000 -0.201775 0.702840 0.702840 0.702840
1071.506592 0.000000 1719.130127 0.000000 0.241260 0.000000 -0.970460 0.892500 0.892500 0.892500
1071.754761 0.000000 1722.219116 0.000000 0.379005 0.000000 -0.925395 0.768171 0.768171 0.768171
1077.118530 0.000000 1707.447021 0.000000 0.757818 0.000000 -0.652466 0.778261 0.778261 0.778261
1074.504150 0.000000 1709.798706 0.000000 0.477223 0.000000 -0.878782 0.859434 0.859434 0.859434
1075.123413 0.000000 1707.206177 0.000000 0.912215 0.000000 -0.409712 0.732460 0.732460 0.732460
1070.465210 0.000000 1720.763916 0.000000 0.512645 0.000000 -0.858601 0.900293 0.900293 0.900293
1107.505981 0.000000 1672.617310 0.000000 0.998758 0.000000 0.049823 0.698780 0.698780 0.698780
1108.230835 0.000000 1667.224365 0.000000 0.580661 0.000000 -0.814146 0.731586 0.731586 0.731586
1088.398926 0.000000 1663.743652 0.000000 0.987883 0.000000 -0.155200 0.704902 0.704902 0.704902
1088.678467 0.000000 1665.359131 0.000000 0.132007 0.000000 0.991249 0.536608 0.536608 0.536608
619.731445 0.000000 2919.375488 0.000000 0.060624 0.000000 0.998161 0.581241 0.581241 0.581241
618.346985 0.000000 2916.630859 0.000000 0.999999 0.000000 0.001517 0.699897 0.699897 0.699897
623.026672 0.000000 2907.119385 0.000000 0.968640 0.000000 0.248468 0.593807 0.593807 0.593807
621.518066 0.000000 2917.986572 0.000000 0.605290 0.000000 0.796005 0.571285 0.571285 0.571285
622.580566 0.000000 2906.222656 0.000000 0.612895 0.000000 0.790164 0.314692 0.314692 0.314692
623.573547 0.000000 2906.269531 0.000000 0.236558 0.000000 0.971617 0.136688 0.136688 0.136688
845.326050 0.000000 2935.744873 0.000000 0.778772 0.000000 0.627306 0.579128 0.579128 0.579128
836.809814 0.000000 2932.717773 0.000000 0.230190 0.000000 0.973146 0.671930 0.671930 0.671930
844.406677 0.000000 2932.186279 0.000000 0.402931 0.000000 -0.915231 0.778794 0.778794 0.778794
840.804199 0.000000 2937.943604 0.000000 0.797984 0.000000 -0.602679 0.924956 0.924956 0.924956
842.781677 0.000000 2936.368896 0.000000 0.882880 0.000000 -0.469599 0.864877 0.864877 0.864877
842.154724 0.000000 2931.091064 0.000000 0.771497 0.000000 -0.636234 0.747001 0.747001 0.747001
843.134705 0.000000 2938.846924 0.000000 0.998945 0.000000 -0.045927 0.705058 0.705058 0.705058
843.470032 0.000000 2934.226562 0.000000 0.366624 0.000000 -0.930369 1.218095 1.218095 1.218095
840.221558 0.000000 2936.033447 0.000000 0.633887 0.000000 0.773425 0.392493 0.392493 0.392493
844.413208 0.000000 2937.437500 0.000000 0.250426 0.000000 -0.968136 0.845073 0.845073 0.845073
840.831421 0.000000 2939.803955 0.000000 0.867137 0.000000 -0.498071 0.760135 0.760135 0.760135
842.441101 0.000000 2932.836426 0.000000 0.317055 0.000000 -0.948407 1.042462 1.042462 1.042462
838.977112 0.000000 2933.565674 0.000000 0.664380 0.000000 -0.747395 0.815065 0.815065 0.815065
838.717041 0.000000 2936.789551 0.000000 0.993433 0.000000 -0.114412 0.720439 0.720439 0.720439
840.943909 0.000000 2932.448242 0.000000 0.849780 0.000000 0.527138 0.538929 0.538929 0.538929
842.243591 0.000000 2937.722168 0.000000 0.992003 0.000000 -0.126211 0.742683 0.742683 0.742683
841.567444 0.000000 2935.548096 0.000000 0.606896 0.000000 -0.794782 1.109380 1.109380 1.109380
839.814148 0.000000 2934.675293 0.000000 0.849310 0.000000 -0.527894 0.845780 0.845780 0.845780
843.937683 0.000000 2935.517578 0.000000 0.984124 0.000000 0.177482 0.622670 0.622670 0.622670
841.490234 0.000000 2936.767334 0.000000 0.277477 0.000000 -0.960732 1.148493 1.148493 1.148493
840.223694 0.000000 2933.416504 0.000000 0.999338 0.000000 0.036368 0.689447 0.689447 0.689447
842.291870 0.000000 2934.503906 0.000000 0.806848 0.000000 -0.590759 0.973909 0.973909 0.973909
843.579346 0.000000 2933.081543 0.000000 0.364762 0.000000 0.931101 0.371463 0.371463 0.371463
843.319031 0.000000 2937.329102 0.000000 0.960550 0.000000 0.278109 0.604945 0.604945 0.604945
840.502869 0.000000 2936.989502 0.000000 0.790216 0.000000 -0.612828 0.929401 0.929401 0.929401
842.917419 0.000000 2935.285645 0.000000 0.995954 0.000000 -0.089863 0.738999 0.738999 0.738999
840.668274 0.000000 2935.154053 0.000000 0.642162 0.000000 -0.766569 1.089252 1.089252 1.089252
5043.603516 0.000000 1045.479248 0.000000 0.263214 0.000000 0.964737 0.640730 0.640730 0.640730
"}
