object={
	name="bridge 01"
	clamp_to_water_level=yes
	render_under_water=yes
	generated_content=no
	layer="temp_layer"
	pdxmesh="bridge_01_mesh"
	count=5
	transform="672.486877 0.000000 1938.953247 0.000000 0.000000 0.000000 1.000000 1.302368 1.302368 1.302368
867.665955 0.000000 1729.366089 0.000000 0.000000 0.000000 1.000000 1.000000 1.000000 1.000000
739.977295 0.000000 1942.883545 0.000000 0.000000 0.000000 1.000000 1.000000 1.000000 1.000000
820.642029 0.000000 1783.208130 0.000000 0.959402 0.000000 0.282043 1.393848 1.393848 1.393848
585.118652 0.000000 1931.744873 0.000000 0.942495 0.000000 0.334220 1.083777 1.083777 1.083777
"}
